# DS_Project

## Map 1

float C[N][N] = [[0.,3.47,7.33,2.74,3.,4.66,4.61,4.,0.91,1.,1.83,
4.4,4.62,7.33,6.12],
[5.47,0.,12.8,8.21,7.66,8.33,6.12,3.,3.66,
4.,6.,8.22,10.04,7.6,10.81],
[4.33,7.8,0.,2.61,4.6,6.,7.56,7.99,5.21,
4.57,3.33,3.5,1.24,10.,4.62],
[1.74,5.21,4.61,0.,2.74,4.61,5.6,5.58,2.61,2.11,1.5,
3.33,2.,8.28,4.66],
[1.,3.66,5.6,1.74,0.,1.91,3.,3.47,1.66,2.,2.47,
4.81,3.62,5.6,3.24],
[1.66,3.33,6.,2.61,0.91,0.,1.74,2.74,2.,2.6,3.33,
5.72,4.39,4.,2.74],
[2.61,2.12,8.56,4.6,3.,2.74,0.,1.24,2.11,3.,4.4,
7.,6.57,2.74,5.47],
[4.,1.,10.99,6.58,5.47,5.74,3.24,0.,2.66,
3.47,5.32,7.85,8.56,4.66,8.4],
[1.91,2.66,9.21,4.61,4.66,6.,5.11,3.66,0.,0.91,2.66,
5.21,6.39,7.66,7.89],
[3.,4.,9.57,5.11,6.,7.6,7.,5.47,1.91,0.,2.,
4.39,6.5,9.57,9.08],
[3.83,6.,8.33,4.5,6.47,8.33,8.4,7.32,3.66,
2.,0.,2.61,5.11,11.1,9.08],
[8.4,10.22,10.5,8.33,10.81,12.72,13.,11.85,8.21,
6.39,4.61,0.,7.6,15.71,12.94],
[3.62,7.04,3.24,2.,4.62,6.39,7.57,7.56,4.39,
3.5,2.11,2.6,0.,10.22,5.74],
[4.33,2.6,10.,6.28,4.6,4.,1.74,1.66,3.66,
4.57,6.1,8.71,8.22,0.,6.58],
[2.12,4.81,3.62,1.66,1.24,1.74,3.47,4.4,2.89,3.08,3.08,
4.94,2.74,5.58,0.]]

float C[N][N] = [[0.,5.47,4.33,1.74,1.,1.66,2.61,4.,1.91,3.,3.83,
8.4,3.62,4.33,2.12],
[3.47,0.,7.8,5.21,3.66,3.33,2.12,1.,2.66,
4.,6.,10.22,7.04,2.6,4.81],
[7.33,12.8,0.,4.61,5.6,6.,8.56,10.99,9.21,
9.57,8.33,10.5,3.24,10.,3.62],
[2.74,8.21,2.61,0.,1.74,2.61,4.6,6.58,4.61,5.11,4.5,
8.33,2.,6.28,1.66],
[3.,7.66,4.6,2.74,0.,0.91,3.,5.47,4.66,
6.,6.47,10.81,4.62,4.6,1.24],
[4.66,8.33,6.,4.61,1.91,0.,2.74,5.74,6.,
7.6,8.33,12.72,6.39,4.,1.74],
[4.61,6.12,7.56,5.6,3.,1.74,0.,3.24,5.11,
7.,8.4,13.,7.57,1.74,3.47],
[4.,3.,7.99,5.58,3.47,2.74,1.24,0.,3.66,
5.47,7.32,11.85,7.56,1.66,4.4],
[0.91,3.66,5.21,2.61,1.66,2.,2.11,2.66,0.,1.91,3.66,
8.21,4.39,3.66,2.89],
[1.,4.,4.57,2.11,2.,2.6,3.,3.47,0.91,0.,2.,
6.39,3.5,4.57,3.08],
[1.83,6.,3.33,1.5,2.47,3.33,4.4,5.32,2.66,2.,0.,
4.61,2.11,6.1,3.08],
[4.4,8.22,3.5,3.33,4.81,5.72,7.,7.85,5.21,4.39,2.61,
0.,2.6,8.71,4.94],
[4.62,10.04,1.24,2.,3.62,4.39,6.57,8.56,6.39,
6.5,5.11,7.6,0.,8.22,2.74],
[7.33,7.6,10.,8.28,5.6,4.,2.74,4.66,7.66,
9.57,11.1,15.71,10.22,0.,5.58],
[6.12,10.81,4.62,4.66,3.24,2.74,5.47,8.4,7.89,
9.08,9.08,12.94,5.74,6.58,0.]]


float C[N][N] = [[0.,6.47,3.33,1.24,2.,3.66,5.11,6.,1.91,2.,1.83,
3.9,2.12,8.33,3.62],
[2.47,0.,5.8,3.71,3.66,4.33,3.62,2.,1.66,2.,3.,
4.72,4.54,5.6,5.31],
[8.33,14.8,0.,5.11,7.6,9.,12.06,13.99,10.21,
9.57,7.33,7.,2.74,15.,6.12],
[3.24,9.71,2.11,0.,3.24,5.11,7.6,9.08,5.11,
4.61,3.,4.33,1.,10.78,3.66],
[2.,7.66,2.6,1.24,0.,1.91,4.5,6.47,3.66,4.,3.47,
5.31,2.12,7.6,1.74],
[2.66,7.33,3.,2.11,0.91,0.,3.24,5.74,4.,4.6,4.33,
6.22,2.89,6.,1.24],
[2.11,4.62,4.06,2.6,1.5,1.24,0.,2.74,2.61,3.5,3.9,
6.,3.57,3.24,2.47],
[2.,2.,4.99,3.08,2.47,2.74,1.74,0.,1.66,2.47,3.32,
5.35,4.06,3.66,3.9],
[0.91,4.66,4.21,2.11,2.66,4.,4.61,4.66,0.,0.91,1.66,
3.71,2.89,7.66,4.39],
[2.,6.,4.57,2.61,4.,5.6,6.5,6.47,1.91,0.,1.,
2.89,3.,9.57,5.58],
[3.83,9.,4.33,3.,5.47,7.33,8.9,9.32,4.66,
3.,0.,2.11,2.61,12.1,6.58],
[8.9,13.72,7.,7.33,10.31,12.22,14.,14.35,9.71,
7.89,5.11,0.,5.6,17.21,10.94],
[6.12,12.54,1.74,3.,6.12,7.89,10.57,12.06,7.89,
7.,4.61,4.6,0.,13.72,5.74],
[3.33,4.6,5.,3.78,2.6,2.,1.24,2.66,3.66,4.57,5.1,
7.21,4.72,0.,3.08],
[4.62,10.31,2.12,2.66,2.74,3.24,6.47,8.9,6.39,
6.58,5.58,6.94,2.74,9.08,0.]]


float C[N][N] = [[0.,2.47,8.33,3.24,2.,2.66,2.11,2.,0.91,2.,3.83,
8.9,6.12,3.33,4.62],
[6.47,0.,14.8,9.71,7.66,7.33,4.62,2.,4.66,
6.,9.,13.72,12.54,4.6,10.31],
[3.33,5.8,0.,2.11,2.6,3.,4.06,4.99,4.21,4.57,4.33,
7.,1.74,5.,2.12],
[1.24,3.71,5.11,0.,1.24,2.11,2.6,3.08,2.11,2.61,3.,
7.33,3.,3.78,2.66],
[2.,3.66,7.6,3.24,0.,0.91,1.5,2.47,2.66,
4.,5.47,10.31,6.12,2.6,2.74],
[3.66,4.33,9.,5.11,1.91,0.,1.24,2.74,4.,
5.6,7.33,12.22,7.89,2.,3.24],
[5.11,3.62,12.06,7.6,4.5,3.24,0.,1.74,4.61,
6.5,8.9,14.,10.57,1.24,6.47],
[6.,2.,13.99,9.08,6.47,5.74,2.74,0.,4.66,
6.47,9.32,14.35,12.06,2.66,8.9],
[1.91,1.66,10.21,5.11,3.66,4.,2.61,1.66,0.,
1.91,4.66,9.71,7.89,3.66,6.39],
[2.,2.,9.57,4.61,4.,4.6,3.5,2.47,0.91,0.,3.,
7.89,7.,4.57,6.58],
[1.83,3.,7.33,3.,3.47,4.33,3.9,3.32,1.66,1.,0.,
5.11,4.61,5.1,5.58],
[3.9,4.72,7.,4.33,5.31,6.22,6.,5.35,3.71,2.89,2.11,
0.,4.6,7.21,6.94],
[2.12,4.54,2.74,1.,2.12,2.89,3.57,4.06,2.89,3.,2.61,
5.6,0.,4.72,2.74],
[8.33,5.6,15.,10.78,7.6,6.,3.24,3.66,7.66,
9.57,12.1,17.21,13.72,0.,9.08],
[3.62,5.31,6.12,3.66,1.74,1.24,2.47,3.9,4.39,
5.58,6.58,10.94,5.74,3.08,0.]]



## Map 2

float C[N][N] = [[0.,18.12,15.,19.11,9.14,9.71,12.54,12.82,13.8,
7.13,3.66,17.52,15.53,6.18,7.99],
[16.12,0.,1.83,1.,7.89,7.03,3.5,3.33,2.89,
8.23,13.54,3.83,1.66,10.97,6.93],
[15.,3.83,0.,4.61,6.18,5.35,1.74,1.66,1.5,
6.4,12.54,6.,0.91,9.14,5.21],
[17.11,1.,2.61,0.,8.42,7.54,4.33,3.9,3.33,
8.95,14.53,4.61,2.11,11.69,7.8],
[19.14,19.89,16.18,20.42,0.,1.91,13.99,11.56,12.1,
5.11,18.54,21.87,15.32,5.,10.57],
[18.71,18.03,14.35,18.54,0.91,0.,12.25,9.71,10.21,
4.61,17.81,20.1,13.43,5.58,9.32],
[13.54,6.5,2.74,7.33,4.99,4.25,0.,1.24,1.83,
4.81,11.2,7.89,3.,7.54,3.47],
[15.82,8.33,4.66,8.9,4.56,3.71,3.24,0.,1.,
5.21,13.7,10.57,3.83,7.9,5.],
[16.8,7.89,4.5,8.33,5.1,4.21,3.83,1.,0.,
6.06,14.65,10.5,3.24,8.71,6.],
[14.13,17.23,13.4,17.95,2.11,2.61,10.81,9.21,10.06,
0.,13.43,18.54,13.,2.74,6.12],
[2.66,14.54,11.54,15.53,7.54,7.81,9.2,9.7,10.65,
5.43,0.,13.87,12.15,5.68,5.21],
[13.52,1.83,2.,2.61,7.87,7.1,2.89,3.57,3.5,
7.54,10.87,0.,2.6,10.2,5.72],
[16.53,4.66,1.91,5.11,6.32,5.43,3.,1.83,1.24,
7.,14.15,7.6,0.,9.71,6.28],
[16.18,22.97,19.14,23.69,5.,6.58,16.54,14.9,15.71,
5.74,16.68,24.2,18.71,0.,11.56],
[10.99,11.93,8.21,12.8,3.57,3.32,5.47,5.,6.,
2.12,9.21,12.72,8.28,4.56,0.]]


float C[N][N] = [[0.,16.12,15.,17.11,19.14,18.71,13.54,15.82,16.8,
14.13,2.66,13.52,16.53,16.18,10.99],
[18.12,0.,3.83,1.,19.89,18.03,6.5,8.33,7.89,
17.23,14.54,1.83,4.66,22.97,11.93],
[15.,1.83,0.,2.61,16.18,14.35,2.74,4.66,4.5,
13.4,11.54,2.,1.91,19.14,8.21],
[19.11,1.,4.61,0.,20.42,18.54,7.33,8.9,8.33,
17.95,15.53,2.61,5.11,23.69,12.8],
[9.14,7.89,6.18,8.42,0.,0.91,4.99,4.56,5.1,2.11,7.54,
7.87,6.32,5.,3.57],
[9.71,7.03,5.35,7.54,1.91,0.,4.25,3.71,4.21,2.61,7.81,
7.1,5.43,6.58,3.32],
[12.54,3.5,1.74,4.33,13.99,12.25,0.,3.24,3.83,
10.81,9.2,2.89,3.,16.54,5.47],
[12.82,3.33,1.66,3.9,11.56,9.71,1.24,0.,1.,
9.21,9.7,3.57,1.83,14.9,5.],
[13.8,2.89,1.5,3.33,12.1,10.21,1.83,1.,0.,
10.06,10.65,3.5,1.24,15.71,6.],
[7.13,8.23,6.4,8.95,5.11,4.61,4.81,5.21,6.06,0.,5.43,
7.54,7.,5.74,2.12],
[3.66,13.54,12.54,14.53,18.54,17.81,11.2,13.7,14.65,
13.43,0.,10.87,14.15,16.68,9.21],
[17.52,3.83,6.,4.61,21.87,20.1,7.89,10.57,10.5,
18.54,13.87,0.,7.6,24.2,12.72],
[15.53,1.66,0.91,2.11,15.32,13.43,3.,3.83,3.24,
13.,12.15,2.6,0.,18.71,8.28],
[6.18,10.97,9.14,11.69,5.,5.58,7.54,7.9,8.71,
2.74,5.68,10.2,9.71,0.,4.56],
[7.99,6.93,5.21,7.8,10.57,9.32,3.47,5.,6.,
6.12,5.21,5.72,6.28,11.56,0.]]


float C[N][N] = [[0.,25.62,22.5,27.11,19.14,19.71,19.54,21.32,22.8,
14.63,4.66,23.02,24.03,13.68,13.99],
[8.62,0.,1.83,1.5,10.39,9.53,3.,4.33,4.39,
8.23,7.04,1.83,2.66,10.97,5.43],
[7.5,3.83,0.,5.11,8.68,7.85,1.24,2.66,3.,6.4,6.04,
4.,1.91,9.14,3.71],
[9.11,0.5,2.11,0.,10.42,9.54,3.33,4.4,4.33,
8.45,7.53,2.11,2.61,11.19,5.8],
[9.14,17.39,13.68,18.42,0.,1.91,10.99,10.06,11.1,
2.61,9.54,17.37,13.82,2.5,6.57],
[8.71,15.53,11.85,16.54,0.91,0.,9.25,8.21,9.21,
2.11,8.81,15.6,11.93,3.08,5.32],
[6.54,7.,3.24,8.33,7.99,7.25,0.,2.74,3.83,5.31,5.2,
6.39,4.5,8.04,2.47],
[7.32,7.33,3.66,8.4,6.06,5.21,1.74,0.,1.5,4.21,6.2,
7.57,3.83,6.9,2.5],
[7.8,6.39,3.,7.33,6.1,5.21,1.83,0.5,0.,4.56,6.65,
7.,2.74,7.21,3.],
[6.63,17.23,13.4,18.45,4.61,5.11,10.31,10.21,11.56,
0.,6.93,16.54,14.,2.74,4.62],
[1.66,21.04,18.04,22.53,16.54,16.81,15.2,17.2,18.65,
11.93,0.,18.37,19.65,12.18,10.21],
[8.02,3.83,4.,5.11,12.37,11.6,4.39,6.57,7.,
9.54,6.37,0.,5.6,12.2,6.22],
[8.03,3.66,0.91,4.61,7.82,6.93,1.5,1.83,1.74,6.,6.65,
4.6,0.,8.71,3.78],
[8.68,22.97,19.14,24.19,7.5,9.08,16.04,15.9,17.21,
5.74,10.18,22.2,19.71,0.,10.06],
[4.99,13.43,9.71,14.8,7.57,7.32,6.47,7.5,9.,
3.62,4.21,12.22,10.78,6.06,0.]]


float C[N][N] = [[0.,8.62,7.5,9.11,9.14,8.71,6.54,7.32,7.8,6.63,1.66,
8.02,8.03,8.68,4.99],
[25.62,0.,3.83,0.5,17.39,15.53,7.,7.33,6.39,
17.23,21.04,3.83,3.66,22.97,13.43],
[22.5,1.83,0.,2.11,13.68,11.85,3.24,3.66,3.,
13.4,18.04,4.,0.91,19.14,9.71],
[27.11,1.5,5.11,0.,18.42,16.54,8.33,8.4,7.33,
18.45,22.53,5.11,4.61,24.19,14.8],
[19.14,10.39,8.68,10.42,0.,0.91,7.99,6.06,6.1,
4.61,16.54,12.37,7.82,7.5,7.57],
[19.71,9.53,7.85,9.54,1.91,0.,7.25,5.21,5.21,
5.11,16.81,11.6,6.93,9.08,7.32],
[19.54,3.,1.24,3.33,10.99,9.25,0.,1.74,1.83,
10.31,15.2,4.39,1.5,16.04,6.47],
[21.32,4.33,2.66,4.4,10.06,8.21,2.74,0.,0.5,
10.21,17.2,6.57,1.83,15.9,7.5],
[22.8,4.39,3.,4.33,11.1,9.21,3.83,1.5,0.,
11.56,18.65,7.,1.74,17.21,9.],
[14.63,8.23,6.4,8.45,2.61,2.11,5.31,4.21,4.56,
0.,11.93,9.54,6.,5.74,3.62],
[4.66,7.04,6.04,7.53,9.54,8.81,5.2,6.2,6.65,
6.93,0.,6.37,6.65,10.18,4.21],
[23.02,1.83,4.,2.11,17.37,15.6,6.39,7.57,7.,
16.54,18.37,0.,4.6,22.2,12.22],
[24.03,2.66,1.91,2.61,13.82,11.93,4.5,3.83,2.74,
14.,19.65,5.6,0.,19.71,10.78],
[13.68,10.97,9.14,11.19,2.5,3.08,8.04,6.9,7.21,
2.74,12.18,12.2,8.71,0.,6.06],
[13.99,5.43,3.71,5.8,6.57,5.32,2.47,2.5,3.,
4.62,10.21,6.22,3.78,10.06,0.]]


## Map 3

float C[N][N] = [[0.,5.21,18.1,15.53,11.17,15.62,8.,9.71,15.81,
13.,11.6,9.7,4.56,13.05,11.32],
[8.21,0.,13.54,11.2,6.58,10.42,5.11,4.81,10.65,
9.12,6.57,4.6,2.47,7.85,6.12],
[20.1,12.54,0.,3.66,7.,3.57,12.18,7.13,2.6,
7.32,5.32,7.25,13.31,3.9,5.21],
[16.53,9.2,2.66,0.,3.62,4.25,8.56,5.43,3.32,
3.66,2.74,4.33,10.42,3.08,3.33],
[13.17,5.58,7.,4.62,0.,5.72,5.47,3.57,5.31,
3.24,1.24,1.24,6.93,3.33,2.12],
[24.62,16.42,10.57,12.25,12.72,0.,17.95,7.,3.,
14.8,9.57,11.1,15.14,4.61,7.33],
[8.,2.11,10.18,7.56,3.47,8.95,0.,4.99,8.71,
5.,4.4,3.,4.56,6.4,4.81],
[18.71,10.81,14.13,13.43,10.57,7.,13.99,0.,8.28,
13.72,7.89,7.5,8.28,5.47,5.11],
[22.81,14.65,7.6,9.32,10.31,1.,15.71,6.28,0.,
12.1,7.33,9.12,14.,3.,5.6],
[13.,6.12,5.32,2.66,1.24,5.8,5.,4.72,5.1,
0.,2.,2.47,7.9,3.78,3.],
[15.6,7.57,7.32,5.74,3.24,4.57,8.4,2.89,4.33,
6.,0.,2.,7.99,2.11,1.],
[13.7,5.6,9.25,7.33,3.24,6.1,7.,2.5,6.12,
6.47,2.,0.,6.12,3.5,1.83],
[11.56,6.47,18.31,16.42,11.93,13.14,11.56,6.28,14.,
14.9,10.99,9.12,0.,11.,9.56],
[20.05,11.85,8.9,9.08,8.33,2.61,13.4,3.47,3.,
10.78,5.11,6.5,11.,0.,2.74],
[17.32,9.12,9.21,8.33,6.12,4.33,10.81,2.11,4.6,
9.,3.,3.83,8.56,1.74,0.]]


float C[N][N] = [[0.,8.21,20.1,16.53,13.17,24.62,8.,18.71,22.81,
13.,15.6,13.7,11.56,20.05,17.32],
[5.21,0.,12.54,9.2,5.58,16.42,2.11,10.81,14.65,
6.12,7.57,5.6,6.47,11.85,9.12],
[18.1,13.54,0.,2.66,7.,10.57,10.18,14.13,7.6,
5.32,7.32,9.25,18.31,8.9,9.21],
[15.53,11.2,3.66,0.,4.62,12.25,7.56,13.43,9.32,
2.66,5.74,7.33,16.42,9.08,8.33],
[11.17,6.58,7.,3.62,0.,12.72,3.47,10.57,10.31,
1.24,3.24,3.24,11.93,8.33,6.12],
[15.62,10.42,3.57,4.25,5.72,0.,8.95,7.,1.,
5.8,4.57,6.1,13.14,2.61,4.33],
[8.,5.11,12.18,8.56,5.47,17.95,0.,13.99,15.71,
5.,8.4,7.,11.56,13.4,10.81],
[9.71,4.81,7.13,5.43,3.57,7.,4.99,0.,6.28,4.72,2.89,
2.5,6.28,3.47,2.11],
[15.81,10.65,2.6,3.32,5.31,3.,8.71,8.28,0.,
5.1,4.33,6.12,14.,3.,4.6],
[13.,9.12,7.32,3.66,3.24,14.8,5.,13.72,12.1,
0.,6.,6.47,14.9,10.78,9.],
[11.6,6.57,5.32,2.74,1.24,9.57,4.4,7.89,7.33,
2.,0.,2.,10.99,5.11,3.],
[9.7,4.6,7.25,4.33,1.24,11.1,3.,7.5,9.12,
2.47,2.,0.,9.12,6.5,3.83],
[4.56,2.47,13.31,10.42,6.93,15.14,4.56,8.28,14.,
7.9,7.99,6.12,0.,11.,8.56],
[13.05,7.85,3.9,3.08,3.33,4.61,6.4,5.47,3.,
3.78,2.11,3.5,11.,0.,1.74],
[11.32,6.12,5.21,3.33,2.12,7.33,4.81,5.11,5.6,
3.,1.,1.83,9.56,2.74,0.]]


float C[N][N] = [[0.,9.71,28.6,24.03,18.17,29.12,12.,19.71,28.31,
19.5,20.1,17.2,10.06,24.05,20.82],
[3.71,0.,19.54,15.2,9.08,19.42,4.61,10.31,18.65,
11.12,10.57,7.6,3.47,14.35,11.12],
[9.6,6.54,0.,1.66,3.5,6.57,5.68,6.63,4.6,3.32,3.32,
4.25,8.31,4.4,4.21],
[8.03,5.2,4.66,0.,2.12,9.25,4.06,6.93,7.32,1.66,2.74,
3.33,7.42,5.58,4.33],
[6.17,3.08,10.5,6.12,0.,12.22,2.47,6.57,10.81,
2.74,2.74,1.74,5.43,7.33,4.62],
[11.12,7.42,7.57,7.25,6.22,0.,8.45,3.5,2.,
7.8,4.57,5.1,7.14,2.11,3.33],
[4.,2.61,16.68,12.06,6.47,18.45,0.,10.99,17.21,
7.5,8.9,6.5,6.06,13.4,10.31],
[8.71,5.31,14.63,11.93,7.57,10.5,7.99,0.,10.78,
10.22,6.39,5.,3.78,6.47,4.61],
[10.31,6.65,5.6,5.32,4.81,2.,7.21,3.78,0.,
6.1,3.33,4.12,7.,1.5,2.6],
[6.5,4.12,9.32,4.66,1.74,12.8,2.5,8.22,11.1,
0.,4.,3.47,6.9,8.28,6.],
[7.1,3.57,9.32,5.74,1.74,9.57,3.9,4.39,8.33,4.,0.,
1.,4.99,4.61,2.],
[6.2,2.6,12.25,8.33,2.74,12.1,3.5,5.,11.12,
5.47,3.,0.,4.12,7.,3.83],
[6.06,5.47,23.31,19.42,13.43,21.14,10.06,10.78,21.,
15.9,13.99,11.12,0.,16.5,13.56],
[9.05,5.35,8.4,6.58,4.33,5.11,6.4,2.47,4.5,6.28,2.61,
3.,5.5,0.,1.24],
[7.82,4.12,10.21,7.33,3.62,8.33,5.31,2.61,7.6,
6.,2.,1.83,4.56,3.24,0.]]


float C[N][N] = [[0.,3.71,9.6,8.03,6.17,11.12,4.,8.71,10.31,
6.5,7.1,6.2,6.06,9.05,7.82],
[9.71,0.,6.54,5.2,3.08,7.42,2.61,5.31,6.65,4.12,3.57,
2.6,5.47,5.35,4.12],
[28.6,19.54,0.,4.66,10.5,7.57,16.68,14.63,5.6,
9.32,9.32,12.25,23.31,8.4,10.21],
[24.03,15.2,1.66,0.,6.12,7.25,12.06,11.93,5.32,
4.66,5.74,8.33,19.42,6.58,7.33],
[18.17,9.08,3.5,2.12,0.,6.22,6.47,7.57,4.81,
1.74,1.74,2.74,13.43,4.33,3.62],
[29.12,19.42,6.57,9.25,12.22,0.,18.45,10.5,2.,
12.8,9.57,12.1,21.14,5.11,8.33],
[12.,4.61,5.68,4.06,2.47,8.45,0.,7.99,7.21,
2.5,3.9,3.5,10.06,6.4,5.31],
[19.71,10.31,6.63,6.93,6.57,3.5,10.99,0.,3.78,
8.22,4.39,5.,10.78,2.47,2.61],
[28.31,18.65,4.6,7.32,10.81,2.,17.21,10.78,0.,
11.1,8.33,11.12,21.,4.5,7.6],
[19.5,11.12,3.32,1.66,2.74,7.8,7.5,10.22,6.1,
0.,4.,5.47,15.9,6.28,6.],
[20.1,10.57,3.32,2.74,2.74,4.57,8.9,6.39,3.33,
4.,0.,3.,13.99,2.61,2.],
[17.2,7.6,4.25,3.33,1.74,5.1,6.5,5.,4.12,
3.47,1.,0.,11.12,3.,1.83],
[10.06,3.47,8.31,7.42,5.43,7.14,6.06,3.78,7.,
6.9,4.99,4.12,0.,5.5,4.56],
[24.05,14.35,4.4,5.58,7.33,2.11,13.4,6.47,1.5,
8.28,4.61,7.,16.5,0.,3.24],
[20.82,11.12,4.21,4.33,4.62,3.33,10.31,4.61,2.6,
6.,2.,3.83,13.56,1.24,0.]]

## Map 4

float C[N][N] = [[0.,7.13,1.24,9.55,4.39,6.1,9.55,7.,2.66,
4.25,1.66,7.56,1.91,4.25,12.18],
[14.13,0.,12.8,9.32,8.33,3.24,9.32,10.57,10.81,
9.55,11.85,9.,16.04,5.58,13.99],
[3.24,7.8,0.,11.55,6.,7.04,11.55,9.25,4.62,
3.08,0.5,9.56,4.5,3.71,14.65],
[10.55,3.32,10.55,0.,4.6,3.,0.,3.66,7.,
10.39,10.18,2.,12.18,7.13,4.66],
[6.39,3.33,6.,5.6,0.,2.11,5.6,3.83,2.74,6.22,5.58,
3.66,8.21,3.71,9.21],
[11.1,1.24,10.04,7.,5.11,0.,7.,7.5,7.66,
7.99,9.25,6.12,13.,4.33,11.56],
[10.55,3.32,10.55,0.,4.6,3.,0.,3.66,7.,
10.39,10.18,2.,12.18,7.13,4.66],
[7.,3.57,7.25,2.66,1.83,2.5,2.66,0.,3.62,8.04,7.04,
0.91,8.56,5.43,5.47],
[3.66,4.81,3.62,7.,1.74,3.66,7.,4.62,0.,
5.1,3.47,5.,5.47,3.57,10.04],
[12.25,10.55,9.08,17.39,12.22,10.99,17.39,16.04,12.1,
0.,7.6,15.71,13.56,4.,21.4],
[4.66,7.85,1.5,12.18,6.58,7.25,12.18,10.04,5.47,
2.6,0.,10.22,6.,3.33,15.5],
[8.56,3.,8.56,2.,2.66,2.12,2.,1.91,5.,
8.71,8.22,0.,10.22,5.72,5.74],
[0.91,8.04,1.5,10.18,5.21,7.,10.18,7.56,3.47,
4.56,2.,8.22,0.,4.99,12.54],
[12.25,6.58,9.71,14.13,9.71,7.33,14.13,13.43,10.57,
4.,8.33,12.72,13.99,0.,18.45],
[10.18,4.99,10.65,1.66,5.21,4.56,1.66,3.47,7.04,
11.4,10.5,2.74,11.54,8.45,0.]]


float C[N][N] = [[0.,14.13,3.24,10.55,6.39,11.1,10.55,7.,3.66,
12.25,4.66,8.56,0.91,12.25,10.18],
[7.13,0.,7.8,3.32,3.33,1.24,3.32,3.57,4.81,
10.55,7.85,3.,8.04,6.58,4.99],
[1.24,12.8,0.,10.55,6.,10.04,10.55,7.25,3.62,
9.08,1.5,8.56,1.5,9.71,10.65],
[9.55,9.32,11.55,0.,5.6,7.,0.,2.66,7.,
17.39,12.18,2.,10.18,14.13,1.66],
[4.39,8.33,6.,4.6,0.,5.11,4.6,1.83,1.74,
12.22,6.58,2.66,5.21,9.71,5.21],
[6.1,3.24,7.04,3.,2.11,0.,3.,2.5,3.66,
10.99,7.25,2.12,7.,7.33,4.56],
[9.55,9.32,11.55,0.,5.6,7.,0.,2.66,7.,
17.39,12.18,2.,10.18,14.13,1.66],
[7.,10.57,9.25,3.66,3.83,7.5,3.66,0.,4.62,
16.04,10.04,1.91,7.56,13.43,3.47],
[2.66,10.81,4.62,7.,2.74,7.66,7.,3.62,0.,
12.1,5.47,5.,3.47,10.57,7.04],
[4.25,9.55,3.08,10.39,6.22,7.99,10.39,8.04,5.1,
0.,2.6,8.71,4.56,4.,11.4],
[1.66,11.85,0.5,10.18,5.58,9.25,10.18,7.04,3.47,
7.6,0.,8.22,2.,8.33,10.5],
[7.56,9.,9.56,2.,3.66,6.12,2.,0.91,5.,
15.71,10.22,0.,8.22,12.72,2.74],
[1.91,16.04,4.5,12.18,8.21,13.,12.18,8.56,5.47,
13.56,6.,10.22,0.,13.99,11.54],
[4.25,5.58,3.71,7.13,3.71,4.33,7.13,5.43,3.57,4.,3.33,
5.72,4.99,0.,8.45],
[12.18,13.99,14.65,4.66,9.21,11.56,4.66,5.47,10.04,
21.4,15.5,5.74,12.54,18.45,0.]]


float C[N][N] = [[0.,14.63,1.74,15.05,7.89,12.1,15.05,10.5,4.66,
7.25,2.66,12.06,0.91,9.25,16.68],
[6.63,0.,5.8,7.32,4.33,1.74,7.32,6.57,5.31,
5.05,5.35,6.,7.54,3.08,10.99],
[2.74,14.8,0.,16.55,9.,12.54,16.55,12.25,6.12,
5.58,1.,13.56,3.,8.21,18.65],
[5.05,5.32,5.55,0.,2.6,3.5,0.,1.66,3.5,7.89,5.68,
1.,5.68,6.63,3.66],
[2.89,7.33,3.,7.6,0.,4.61,7.6,3.83,1.24,
5.72,3.08,4.66,3.71,5.21,10.21],
[5.1,2.74,4.54,6.5,2.61,0.,6.5,5.,3.66,
4.99,4.25,4.62,6.,3.33,10.06],
[5.05,5.32,5.55,0.,2.6,3.5,0.,1.66,3.5,7.89,5.68,
1.,5.68,6.63,3.66],
[3.5,7.57,4.25,4.66,1.83,5.,4.66,0.,2.12,7.54,4.54,
1.91,4.06,6.93,6.47],
[1.66,10.31,2.12,10.5,3.24,7.66,10.5,6.12,0.,
6.1,2.47,7.5,2.47,6.57,12.54],
[9.25,15.05,6.58,19.89,12.72,13.99,19.89,16.54,11.1,
0.,5.6,17.21,9.56,6.,22.9],
[3.66,14.35,1.,16.68,9.08,12.25,16.68,12.54,6.47,
4.6,0.,13.72,4.,7.33,19.],
[4.06,6.,4.56,3.,1.66,3.62,3.,0.91,2.5,7.21,4.72,
0.,4.72,6.22,5.74],
[1.91,16.54,3.,16.68,9.71,14.,16.68,12.06,6.47,
8.56,4.,13.72,0.,10.99,18.04],
[7.25,9.08,5.21,14.63,8.21,8.33,14.63,11.93,7.57,
2.,4.33,12.22,7.99,0.,17.95],
[5.68,7.99,6.65,2.66,4.21,6.06,2.66,2.47,4.54,9.9,7.,
2.74,6.04,8.95,0.]]


float C[N][N] = [[0.,6.63,2.74,5.05,2.89,5.1,5.05,3.5,1.66,9.25,3.66,
4.06,1.91,7.25,5.68],
[14.63,0.,14.8,5.32,7.33,2.74,5.32,7.57,10.31,
15.05,14.35,6.,16.54,9.08,7.99],
[1.74,5.8,0.,5.55,3.,4.54,5.55,4.25,2.12,6.58,1.,
4.56,3.,5.21,6.65],
[15.05,7.32,16.55,0.,7.6,6.5,0.,4.66,10.5,
19.89,16.68,3.,16.68,14.63,2.66],
[7.89,4.33,9.,2.6,0.,2.61,2.6,1.83,3.24,
12.72,9.08,1.66,9.71,8.21,4.21],
[12.1,1.74,12.54,3.5,4.61,0.,3.5,5.,7.66,
13.99,12.25,3.62,14.,8.33,6.06],
[15.05,7.32,16.55,0.,7.6,6.5,0.,4.66,10.5,
19.89,16.68,3.,16.68,14.63,2.66],
[10.5,6.57,12.25,1.66,3.83,5.,1.66,0.,6.12,
16.54,12.54,0.91,12.06,11.93,2.47],
[4.66,5.31,6.12,3.5,1.24,3.66,3.5,2.12,0.,
11.1,6.47,2.5,6.47,7.57,4.54],
[7.25,5.05,5.58,7.89,5.72,4.99,7.89,7.54,6.1,0.,4.6,
7.21,8.56,2.,9.9],
[2.66,5.35,1.,5.68,3.08,4.25,5.68,4.54,2.47,5.6,0.,
4.72,4.,4.33,7.],
[12.06,6.,13.56,1.,4.66,4.62,1.,1.91,7.5,
17.21,13.72,0.,13.72,12.22,2.74],
[0.91,7.54,3.,5.68,3.71,6.,5.68,4.06,2.47,9.56,4.,
4.72,0.,7.99,6.04],
[9.25,3.08,8.21,6.63,5.21,3.33,6.63,6.93,6.57,
6.,7.33,6.22,10.99,0.,8.95],
[16.68,10.99,18.65,3.66,10.21,10.06,3.66,6.47,12.54,
22.9,19.,5.74,18.04,17.95,0.]]


